0 0.701563 0.165972 0.073437 0.326389
0 0.901172 0.168056 0.058594 0.333333
0 0.905859 0.502083 0.074219 0.326389
0 0.704687 0.497222 0.079687 0.325000
0 0.502734 0.507639 0.075781 0.329167
0 0.500781 0.168056 0.071875 0.327778
0 0.505078 0.831944 0.082031 0.319444
0 0.705469 0.835417 0.075000 0.323611
0 0.906250 0.835417 0.068750 0.318056
0 0.305078 0.502083 0.069531 0.323611
0 0.301172 0.163889 0.064844 0.316667
0 0.095703 0.166667 0.072656 0.311111
0 0.101562 0.500694 0.064062 0.329167
0 0.104687 0.834722 0.075000 0.327778
0 0.300781 0.831944 0.076563 0.311111
